A_lon = [
    -0.006868 0.01395 0 -32.2
    -0.09055 -0.3151 773.98 0
    0.0001187 -0.001026 -0.4285 0
    0 0 1 0
];

B_lon = [
    -0.000187 9.66
    -17.85 0
    -1.158 0
    0 0
];

A_lat = [
    -0.0558 0 -774 32.2
    -0.003865 -0.4342 0.4136 0
    0.001086 -0.006112 -0.1458 0
    0 1 0 0
];

B_lat = [
    0 5.642
    -0.1431 0.1144
    0.003741 -0.4859
    0 0
];

u0 = 774;